522,5
522,3
522,1
521,3
521,1
519,5
519,3
519,1
518,3
518,1
517,3
517,1
511,3
511,1
509,3
509,1
500,4
500,3
500,1
499,3
499,1
498,3
498,1
497,3
497,1
495,3
495,1
491,3
491,1
488,3
488,1
486,3
486,1
126,3
126,1
126,0
28,7
28,3
28,0
19,3
19,1
16,3
16,1
14,3
14,1
12,3
12,1
11,3
11,1
10,3
10,1
9,3
9,1
6,4
6,1
5,3
5,1
4,3
4,1
4,0
2,7
2,3
2,1
2,0
1,3
1,1
1,0
0,444
0,419
0,408
0,400
0,334
0,328
0,322
0,310
0,305
0,308
0,304
0,303
0,302
0,307
0,12
0,397
0,10
0,8
0,0
0,414
0,300
0,299
0,373
0,298
0,396
0,297
0,337
0,296
0,443
0,295
0,340
0,294
0,392
0,293
0,385
0,292
0,379
0,291
0,436
0,290
0,417
0,289
0,427
0,288
0,372
0,287
0,286
0,430
0,285
0,366
0,284
0,336
0,283
0,433
0,282
0,442
0,281
0,280
0,435
0,279
0,428
0,278
0,362
0,277
0,411
0,276
0,426
0,275
0,375
0,274
0,406
0,273
0,394
0,272
0,363
0,271
0,425
0,270
0,440
0,269
0,364
0,268
0,325
0,267
0,331
0,266
0,365
0,265
0,424
0,264
0,413
0,263
0,439
0,262
0,378
0,261
0,391
0,260
0,405
0,259
0,318
0,258
0,388
0,257
0,359
0,256
0,329
0,255
0,326
0,254
0,393
0,253
0,324
0,252
0,395
0,251
0,333
0,250
0,249
0,437
0,248
0,247
0,246
0,330
0,245
0,356
0,244
0,410
0,242
0,327
0,241
0,368
0,240
0,423
0,239
0,415
0,238
0,390
0,237
0,348
0,236
0,323
0,235
0,371
0,234
0,361
0,233
0,320
0,232
0,321
0,231
0,346
0,230
0,317
0,229
0,309
0,228
0,357
0,227
0,399
0,226
0,386
0,225
0,352
0,224
0,381
0,223
0,422
0,222
0,341
0,221
0,374
0,220
0,384
0,219
0,306
0,218
0,335
0,217
0,380
0,216
0,301
0,215
